4294967278,50
4294967278,45
4294967278,36
4294967278,174
4294967279,174
4294967279,288
4294967279,449
4294967294,1422
69,4
97,5
97,4
97,3
97,2
97,1
4294967279,448
68,4
96,5
96,4
96,3
96,2
96,1
4294967279,251
4294967279,447
66,4
95,5
95,4
95,3
95,2
95,1
4294967294,185
4294967294,162
4294967294,1026
64,4
94,5
94,4
94,3
94,2
94,1
4294967279,314
63,4
93,4
93,3
93,2
93,1
4294967278,385
62,4
92,6
92,5
92,4
92,3
92,2
92,1
4294967279,306
4294967279,446
61,4
91,4
91,3
91,2
91,1
4294967279,445
43,4
58,4
90,6
90,5
90,4
90,3
90,2
90,1
4294967279,298
4294967294,426
4294967294,419
4294967294,1018
4294967294,420
4294967294,384
4294967294,425
4294967294,411
4294967294,168
4294967294,981
4294967294,403
4294967294,386
4294967294,453
4294967294,468
4294967294,454
4294967294,450
55,4
89,5
89,4
89,3
89,2
89,1
4294967294,388
4294967278,27
4294967279,153
4294967278,384
54,4
88,6
88,5
88,4
88,3
88,2
88,1
4294967279,291
4294967294,22
4294967279,444
4294967278,276
4294967294,7
4294967294,6
4294967294,94
4294967294,93
4294967294,96
4294967279,135
4294967294,95
4294967278,136
87,4
87,3
87,2
87,1
4294967279,276
4294967278,135
4294967294,53
4294967294,9
4294967294,45
4294967294,430
4294967294,44
4294967278,274
4294967294,90
4294967294,88
4294967294,86
4294967294,84
4294967278,20
4294967278,284
4294967294,1420
4294967279,20
4294967279,443
52,4
86,5
86,4
86,3
86,2
86,1
4294967279,442
56,4
39,4
51,4
85,5
85,4
85,3
85,2
85,1
4294967278,383
4294967278,382
65,4
50,4
84,5
84,4
84,3
84,2
84,1
4294967294,422
4294967279,235
4294967278,233
49,4
83,4
83,3
83,2
83,1
4294967294,42
4294967294,99
4294967294,39
4294967294,115
4294967294,43
4294967278,223
4294967294,52
4294967294,477
4294967294,92
4294967279,441
48,4
82,5
82,4
82,3
82,2
82,1
4294967279,440
4294967279,312
4294967279,439
4294967279,311
53,4
47,4
81,4
81,3
81,2
81,1
4294967278,381
4294967278,0
4294967279,309
4294967294,165
4294967279,438
4294967279,307
80,5
80,4
80,3
80,2
80,1
4294967279,437
42,4
79,4
79,3
79,2
79,1
4294967278,380
4294967278,379
4294967278,378
4294967278,377
45,4
41,4
78,5
78,4
78,3
78,2
78,1
4294967279,297
40,4
77,4
77,3
77,2
77,1
4294967279,436
4294967279,435
4294967278,376
38,4
4294967279,145
76,4
76,3
76,2
76,1
4294967278,375
4294967279,434
4294967279,275
37,4
75,6
75,5
75,4
75,3
75,2
75,1
4294967279,433
4294967279,432
4294967294,1029
4294967294,985
4294967294,38
4294967294,37
4294967294,36
4294967279,431
36,4
74,4
74,3
74,2
74,1
4294967278,262
4294967294,40
4294967279,285
4294967279,430
4294967278,374
4294967278,373
73,4
73,3
73,2
73,1
4294967279,256
4294967278,255
4294967278,254
4294967278,372
57,4
72,4
72,3
72,2
72,1
4294967278,243
4294967278,241
4294967278,235
4294967278,231
46,4
4294967278,226
71,4
71,3
71,2
71,1
4294967279,223
4294967279,219
44,4
4294967279,211
70,4
70,3
70,2
70,1
4294967279,429
69,7
69,6
4294967278,201
69,3
69,2
69,1
4294967279,428
4294967294,1429
4294967279,427
4294967279,308
68,6
68,3
68,2
68,1
4294967278,371
4294967279,426
67,5
67,3
67,2
67,1
4294967278,370
4294967279,304
4294967279,303
4294967294,476
4294967278,369
4294967294,414
4294967294,465
4294967294,189
4294967279,302
66,6
66,3
66,2
66,1
4294967294,81
4294967294,50
4294967279,299
4294967279,171
4294967279,425
4294967279,424
4294967278,368
4294967279,423
4294967279,166
65,5
65,3
65,2
65,1
4294967279,422
4294967294,1428
4294967278,367
4294967279,295
64,6
64,3
64,2
64,1
4294967279,154
4294967278,366
4294967294,969
4294967278,365
4294967278,364
4294967278,148
63,5
63,3
63,2
63,1
4294967278,363
4294967279,421
4294967278,362
4294967279,140
4294967278,139
62,7
62,3
62,2
62,1
4294967294,0
4294967279,420
61,5
4294967278,268
4294967279,273
4294967278,269
61,3
61,2
61,1
4294967278,267
4294967278,361
4294967278,264
60,9
60,8
60,7
60,3
60,2
60,1
4294967278,360
4294967278,359
4294967278,358
59,4
59,3
59,2
59,1
4294967278,357
4294967279,419
4294967294,1427
4294967279,418
58,7
58,3
58,2
58,1
4294967279,245
4294967278,239
4294967279,237
4294967278,236
57,5
57,3
57,2
57,1
4294967279,233
4294967279,231
4294967278,225
56,5
56,3
56,2
56,1
4294967278,215
4294967279,215
4294967278,356
4294967279,417
4294967279,416
4294967294,475
4294967278,355
4294967279,313
55,6
55,3
55,2
55,1
4294967279,202
4294967279,415
4294967278,354
54,8
54,7
4294967279,197
54,3
54,2
54,1
4294967278,353
4294967279,414
4294967278,352
53,5
53,3
53,2
53,1
4294967278,351
4294967279,187
4294967279,413
4294967278,350
4294967279,412
4294967279,180
4294967278,177
52,6
4294967279,178
4294967279,177
52,3
52,2
52,1
4294967279,411
4294967279,410
4294967279,409
4294967294,1031
4294967279,300
51,6
51,3
51,2
51,1
4294967278,349
4294967279,296
4294967278,348
4294967279,161
50,6
50,3
50,2
50,1
4294967279,408
4294967279,407
4294967278,347
4294967278,346
4294967279,294
49,5
49,3
49,2
49,1
4294967279,293
4294967279,292
4294967294,1426
4294967294,1425
4294967279,406
48,6
48,3
48,2
48,1
4294967278,345
4294967279,278
4294967278,344
47,5
47,3
47,2
47,1
4294967294,1022
4294967279,289
4294967278,283
46,5
4294967278,280
46,3
46,2
46,1
4294967279,287
4294967278,343
4294967278,279
4294967279,405
45,6
4294967279,259
45,3
45,2
45,1
4294967279,281
4294967278,342
4294967279,404
4294967279,257
4294967279,403
4294967278,341
44,5
4294967279,402
44,3
44,2
44,1
4294967279,401
4294967294,409
4294967294,395
4294967294,178
4294967294,421
4294967294,1021
4294967294,167
4294967294,1017
4294967294,108
4294967294,410
4294967294,391
4294967294,455
4294967294,459
4294967278,253
4294967279,252
4294967278,251
4294967279,400
4294967279,246
43,5
4294967278,244
43,3
43,2
43,1
4294967279,243
4294967278,242
